GROUND_STATION_LAT=52.517389
GROUND_STATION_LON=13.395131
