GROUND_STATION_LAT=35.357914
GROUND_STATION_LON=68.941327
