GROUND_STATION_LAT=2.142668
GROUND_STATION_LON=-40.028761
