GROUND_STATION_LAT=-52.317219
GROUND_STATION_LON=-135.761611
